1000,0.6472,0.3506
1100,0.6348,0.3612
1200,0.6225,0.371
1300,0.6104,0.3797
1400,0.5983,0.3874
1500,0.5864,0.394
1600,0.5747,0.3996
1700,0.5632,0.4041
1800,0.5519,0.4077
1900,0.5408,0.4104
2000,0.53,0.4123
2100,0.5195,0.4134
2200,0.5093,0.4139
2300,0.4995,0.4138
2400,0.49,0.4132
2500,0.4808,0.4122
2600,0.472,0.4108
2700,0.4636,0.4091
2800,0.4555,0.4071
2900,0.4478,0.405
3000,0.4404,0.4026
3100,0.4333,0.4002
3200,0.4266,0.3976
3300,0.4202,0.395
3400,0.414,0.3923
3500,0.4082,0.3895
3600,0.4026,0.3868
3700,0.3973,0.3841
3800,0.3922,0.3813
3900,0.3873,0.3786
4000,0.3827,0.3759
4100,0.3783,0.3733
4200,0.3741,0.3707
4300,0.3701,0.3681
4400,0.3662,0.3656
4500,0.3625,0.3631
4600,0.359,0.3607
4700,0.3557,0.3583
4800,0.3524,0.356
4900,0.3494,0.3538
5000,0.3464,0.3516
5100,0.3436,0.3494
5200,0.3409,0.3473
5300,0.3383,0.3453
5400,0.3358,0.3433
5500,0.3334,0.3413
5600,0.3311,0.3394
5700,0.3289,0.3376
5800,0.3268,0.3358
5900,0.3247,0.3341
6000,0.3228,0.3324
6100,0.3209,0.3307
6200,0.319,0.3291
6300,0.3173,0.3275
6400,0.3156,0.326
6500,0.314,0.3245
6600,0.3124,0.3231
6700,0.3109,0.3217
6800,0.3094,0.3203
6900,0.308,0.319
7000,0.3066,0.3177
7100,0.3053,0.3164
7200,0.304,0.3152
7300,0.3028,0.314
7400,0.3016,0.3128
7500,0.3004,0.3117
7600,0.2993,0.3106
7700,0.2982,0.3095
7800,0.2971,0.3084
7900,0.2961,0.3074
8000,0.2951,0.3064
8100,0.2942,0.3054
8200,0.2932,0.3044
8300,0.2923,0.3035
8400,0.2914,0.3026
8500,0.2906,0.3017
8600,0.2897,0.3008
8700,0.2889,0.3
8800,0.2881,0.2992
8900,0.2874,0.2983
9000,0.2866,0.2976
9100,0.2859,0.2968
9200,0.2852,0.296
9300,0.2845,0.2953
9400,0.2839,0.2946
9500,0.2832,0.2939
9600,0.2826,0.2932
9700,0.282,0.2925
9800,0.2813,0.2918
9900,0.2808,0.2912
10000,0.2802,0.2905
10100,0.2796,0.2899
10200,0.2791,0.2893
10300,0.2785,0.2887
10400,0.278,0.2881
10500,0.2775,0.2876
10600,0.277,0.287
10700,0.2765,0.2865
10800,0.2761,0.2859
10900,0.2756,0.2854
11000,0.2751,0.2849
11100,0.2747,0.2844
11200,0.2743,0.2839
11300,0.2738,0.2834
11400,0.2734,0.2829
11500,0.273,0.2825
11600,0.2726,0.282
11700,0.2722,0.2816
11800,0.2719,0.2811
11900,0.2715,0.2807
12000,0.2711,0.2803
12100,0.2708,0.2799
12200,0.2704,0.2794
12300,0.2701,0.279
12400,0.2697,0.2786
12500,0.2694,0.2783
12600,0.2691,0.2779
12700,0.2688,0.2775
12800,0.2684,0.2771
12900,0.2681,0.2768
13000,0.2678,0.2764
13100,0.2675,0.2761
13200,0.2673,0.2757
13300,0.267,0.2754
13400,0.2667,0.2751
13500,0.2664,0.2747
13600,0.2662,0.2744
13700,0.2659,0.2741
13800,0.2656,0.2738
13900,0.2654,0.2735
14000,0.2651,0.2732
14100,0.2649,0.2729
14200,0.2646,0.2726
14300,0.2644,0.2723
14400,0.2642,0.272
14500,0.2639,0.2718
14600,0.2637,0.2715
14700,0.2635,0.2712
14800,0.2633,0.2709
14900,0.2631,0.2707
15000,0.2629,0.2704
15100,0.2626,0.2702
15200,0.2624,0.2699
15300,0.2622,0.2697
15400,0.262,0.2694
15500,0.2618,0.2692
15600,0.2617,0.269
15700,0.2615,0.2687
15800,0.2613,0.2685
15900,0.2611,0.2683
16000,0.2609,0.2681
16100,0.2607,0.2678
16200,0.2606,0.2676
16300,0.2604,0.2674
16400,0.2602,0.2672
16500,0.2601,0.267
16600,0.2599,0.2668
16700,0.2597,0.2666
16800,0.2596,0.2664
16900,0.2594,0.2662
17000,0.2593,0.266
17100,0.2591,0.2658
17200,0.259,0.2656
17300,0.2588,0.2654
17400,0.2587,0.2653
17500,0.2585,0.2651
17600,0.2584,0.2649
17700,0.2582,0.2647
17800,0.2581,0.2645
17900,0.258,0.2644
18000,0.2578,0.2642
18100,0.2577,0.264
18200,0.2575,0.2639
18300,0.2574,0.2637
18400,0.2573,0.2635
18500,0.2572,0.2634
18600,0.257,0.2632
18700,0.2569,0.2631
18800,0.2568,0.2629
18900,0.2567,0.2628
19000,0.2566,0.2626
19100,0.2564,0.2625
19200,0.2563,0.2623
19300,0.2562,0.2622
19400,0.2561,0.262
19500,0.256,0.2619
19600,0.2559,0.2618
19700,0.2558,0.2616
19800,0.2557,0.2615
19900,0.2555,0.2613
20000,0.2554,0.2612
20100,0.2553,0.2611
20200,0.2552,0.2609
20300,0.2551,0.2608
20400,0.255,0.2607
20500,0.2549,0.2606
20600,0.2548,0.2604
20700,0.2547,0.2603
20800,0.2546,0.2602
20900,0.2546,0.2601
21000,0.2545,0.26
21100,0.2544,0.2598
21200,0.2543,0.2597
21300,0.2542,0.2596
21400,0.2541,0.2595
21500,0.254,0.2594
21600,0.2539,0.2593
21700,0.2538,0.2591
21800,0.2537,0.259
21900,0.2537,0.2589
22000,0.2536,0.2588
22100,0.2535,0.2587
22200,0.2534,0.2586
22300,0.2533,0.2585
22400,0.2533,0.2584
22500,0.2532,0.2583
22600,0.2531,0.2582
22700,0.253,0.2581
22800,0.2529,0.258
22900,0.2529,0.2579
23000,0.2528,0.2578
23100,0.2527,0.2577
23200,0.2526,0.2576
23300,0.2526,0.2575
23400,0.2525,0.2574
23500,0.2524,0.2573
23600,0.2524,0.2572
23700,0.2523,0.2572
23800,0.2522,0.2571
23900,0.2521,0.257
24000,0.2521,0.2569
24100,0.252,0.2568
24200,0.2519,0.2567
24300,0.2519,0.2566
24400,0.2518,0.2565
24500,0.2517,0.2565
24600,0.2517,0.2564
24700,0.2516,0.2563
24800,0.2516,0.2562
24900,0.2515,0.2561
25000,0.2514,0.256
25100,0.2514,0.256
25200,0.2513,0.2559
25300,0.2512,0.2558
25400,0.2512,0.2557
25500,0.2511,0.2557
25600,0.2511,0.2556
25700,0.251,0.2555
25800,0.251,0.2554
25900,0.2509,0.2554
26000,0.2508,0.2553
26100,0.2508,0.2552
26200,0.2507,0.2551
26300,0.2507,0.2551
26400,0.2506,0.255
26500,0.2506,0.2549
26600,0.2505,0.2548
26700,0.2505,0.2548
26800,0.2504,0.2547
26900,0.2503,0.2546
27000,0.2503,0.2546
27100,0.2502,0.2545
27200,0.2502,0.2544
27300,0.2501,0.2544
27400,0.2501,0.2543
27500,0.25,0.2542
27600,0.25,0.2542
27700,0.2499,0.2541
27800,0.2499,0.2541
27900,0.2499,0.254
28000,0.2498,0.2539
28100,0.2498,0.2539
28200,0.2497,0.2538
28300,0.2497,0.2537
28400,0.2496,0.2537
28500,0.2496,0.2536
28600,0.2495,0.2536
28700,0.2495,0.2535
28800,0.2494,0.2534
28900,0.2494,0.2534
29000,0.2493,0.2533
29100,0.2493,0.2533
29200,0.2493,0.2532
29300,0.2492,0.2532
29400,0.2492,0.2531
29500,0.2491,0.253
29600,0.2491,0.253
29700,0.249,0.2529
29800,0.249,0.2529
29900,0.249,0.2528
30000,0.2489,0.2528
30100,0.2489,0.2527
30200,0.2488,0.2527
30300,0.2488,0.2526
30400,0.2488,0.2526
30500,0.2487,0.2525
30600,0.2487,0.2525
30700,0.2487,0.2524
30800,0.2486,0.2524
30900,0.2486,0.2523
31000,0.2485,0.2523
31100,0.2485,0.2522
31200,0.2485,0.2522
31300,0.2484,0.2521
31400,0.2484,0.2521
31500,0.2484,0.252
31600,0.2483,0.252
31700,0.2483,0.2519
31800,0.2482,0.2519
31900,0.2482,0.2518
32000,0.2482,0.2518
32100,0.2481,0.2517
32200,0.2481,0.2517
32300,0.2481,0.2516
32400,0.248,0.2516
32500,0.248,0.2516
32600,0.248,0.2515
32700,0.2479,0.2515
32800,0.2479,0.2514
32900,0.2479,0.2514
33000,0.2478,0.2513
33100,0.2478,0.2513
33200,0.2478,0.2513
33300,0.2477,0.2512
33400,0.2477,0.2512
33500,0.2477,0.2511
33600,0.2476,0.2511
33700,0.2476,0.251
33800,0.2476,0.251
33900,0.2476,0.251
34000,0.2475,0.2509
34100,0.2475,0.2509
34200,0.2475,0.2508
34300,0.2474,0.2508
34400,0.2474,0.2508
34500,0.2474,0.2507
34600,0.2473,0.2507
34700,0.2473,0.2506
34800,0.2473,0.2506
34900,0.2473,0.2506
35000,0.2472,0.2505
35100,0.2472,0.2505
35200,0.2472,0.2505
35300,0.2471,0.2504
35400,0.2471,0.2504
35500,0.2471,0.2503
35600,0.2471,0.2503
35700,0.247,0.2503
35800,0.247,0.2502
35900,0.247,0.2502
36000,0.247,0.2502
36100,0.2469,0.2501
36200,0.2469,0.2501
36300,0.2469,0.2501
36400,0.2468,0.25
36500,0.2468,0.25
36600,0.2468,0.25
36700,0.2468,0.2499
36800,0.2467,0.2499
36900,0.2467,0.2498
37000,0.2467,0.2498
37100,0.2467,0.2498
37200,0.2466,0.2497
37300,0.2466,0.2497
37400,0.2466,0.2497
37500,0.2466,0.2497
37600,0.2465,0.2496
37700,0.2465,0.2496
37800,0.2465,0.2496
37900,0.2465,0.2495
38000,0.2465,0.2495
38100,0.2464,0.2495
38200,0.2464,0.2494
38300,0.2464,0.2494
38400,0.2464,0.2494
38500,0.2463,0.2493
38600,0.2463,0.2493
38700,0.2463,0.2493
38800,0.2463,0.2492
38900,0.2462,0.2492
39000,0.2462,0.2492
39100,0.2462,0.2492
39200,0.2462,0.2491
39300,0.2462,0.2491
39400,0.2461,0.2491
39500,0.2461,0.249
39600,0.2461,0.249
39700,0.2461,0.249
39800,0.246,0.249
39900,0.246,0.2489
40000,0.246,0.2489
